100 10000
524 414
774 679
23 560
24 304
592 547
758 269
403 475
213 924
643 540
333 875
609 211
267 498
376 237
854 73
346 515
262 461
385 769
764 484
241 489
483 113
849 60
677 963
60 943
609 197
409 759
457 146
569 114
246 131
584 651
856 588
610 130
772 221
451 113
555 728
454 547
946 629
350 891
528 921
647 257
115 412
947 356
444 880
256 101
353 403
30 135
434 575
12 160
965 915
167 450
198 170
217 645
473 866
796 350
193 517
865 637
607 586
690 608
880 300
374 289
826 866
38 372
383 23
930 758
963 781
615 477
108 445
418 155
715 972
155 530
821 974
374 105
162 222
534 617
344 612
478 237
492 450
683 107
308 187
506 832
985 589
832 191
283 679
72 632
295 138
321 970
686 195
930 334
885 731
242 88
740 319
902 775
718 529
794 642
184 798
627 227
69 143
374 158
143 622
479 59
984 309
