100 8800
28 274
479 621
339 470
107 225
629 47
234 741
668 119
338 263
69 522
81 190
134 296
100 636
252 613
36 653
337 492
366 503
8 409
244 679
425 231
604 385
26 592
324 166
29 688
22 635
433 280
364 619
789 93
231 318
551 122
172 759
371 26
269 455
347 508
321 1
398 336
540 744
75 594
190 387
449 86
92 588
303 152
388 370
120 734
481 677
257 137
680 480
381 421
235 719
117 199
580 493
537 128
237 722
599 800
283 786
508 569
625 350
205 184
591 41
212 712
405 783
5 344
197 275
384 231
734 213
327 117
702 150
795 466
31 43
790 567
88 558
632 95
317 660
589 663
39 289
11 652
186 116
168 478
611 88
149 177
593 777
248 687
274 153
297 458
68 737
495 225
30 592
167 583
210 400
288 788
588 213
88 215
420 707
775 358
118 27
302 166
175 230
576 704
642 723
502 728
314 482
