100 53284
186 691
883 181
619 814
42 426
312 387
693 446
968 461
225 109
874 276
40 607
236 659
892 111
813 782
468 473
934 516
792 765
679 983
391 784
16 872
676 689
836 832
528 955
834 597
322 72
148 117
775 125
874 402
185 300
445 521
450 794
562 596
762 430
24 681
384 563
575 80
977 350
20 384
781 967
565 175
639 151
298 453
431 464
988 560
683 752
13 956
301 181
449 563
232 856
514 847
917 105
898 267
426 864
203 429
328 647
595 544
708 705
284 408
515 430
503 47
17 960
682 237
130 460
476 551
908 798
471 653
669 336
603 228
715 11
501 516
838 120
870 538
384 451
632 159
963 455
220 312
529 242
562 122
783 294
989 877
270 837
218 929
909 198
307 27
390 785
988 559
708 905
506 218
661 257
112 758
674 941
704 573
832 284
820 21
84 890
650 725
64 407
169 935
547 934
684 170
333 401
