100 49255
330 246
541 105
613 330
153 42
176 560
436 238
242 689
743 148
950 830
942 856
70 227
262 579
807 368
677 866
988 926
152 846
931 806
670 189
898 826
679 122
213 725
211 350
878 614
308 376
159 105
820 823
639 765
672 255
123 255
12 676
61 987
128 588
385 587
493 210
422 119
630 739
582 968
365 323
990 672
618 985
620 357
623 447
736 840
262 161
612 676
817 357
579 793
321 868
107 935
673 527
46 657
140 477
170 911
812 689
985 213
150 851
299 326
616 692
698 980
136 701
573 660
288 535
747 217
532 668
793 740
445 339
105 671
336 593
561 156
386 364
564 292
169 871
984 695
945 82
732 467
18 114
454 130
582 601
731 160
169 164
269 899
767 969
827 204
850 819
435 153
622 941
74 568
524 64
353 485
77 175
305 63
830 493
862 121
130 268
908 243
71 464
354 681
995 473
428 878
88 955
