90 45000
782 841
629 496
861 980
943 624
95 512
251 852
112 543
643 764
372 978
980 297
816 426
409 722
619 28
796 541
684 818
386 924
56 883
468 142
848 866
932 946
992 935
151 51
908 283
68 344
277 137
964 803
776 865
730 517
114 924
722 813
659 885
903 962
561 533
295 100
657 143
290 180
885 870
483 208
534 569
511 303
479 270
22 435
459 921
612 77
49 54
732 177
354 789
210 660
259 313
58 369
149 751
902 247
652 116
766 115
170 51
655 565
813 868
520 254
700 143
510 248
254 39
330 228
642 530
985 963
816 968
704 586
702 809
846 351
760 324
855 891
885 93
475 873
435 747
791 418
402 866
191 225
502 561
554 894
645 490
459 361
969 414
655 616
996 524
104 926
217 536
58 817
38 811
355 145
48 816
33 61
